SERIALNO=0237
TCALDATE=05-Mar-23
TA0= 8.282771e-004
TA1= 2.832411e-004
TA2=-2.574629e-006
TA3= 2.106716e-007
CCALDATE=05-Mar-23
CG=-9.758337e-001
CH= 1.241229e-001
CI=-3.924159e-004
CJ= 4.710872e-005
CTCOR= 3.250000e-006
CPCOR=-9.570000e-008
PCALDATE=03-Mar-23
PA0= 3.191521e+000
PA1= 8.826420e-003
PA2=-1.457948e-010
PTCA0= 5.238336e+005
PTCA1= 2.872621e+001
PTCA2=-5.457745e-001
PTCB0= 3.143973e+005
PTCB1=-3.690896e+000
PTCB2= 4.233734e-001
PTEMPA0=-4.968399e+001
PTEMPA1= 5.681140e+001
PTEMPA2=-6.887251e-001