SERIALNO=0387
TCALDATE=03-Mar-25
TA0= 8.436138e-004
TA1= 2.775182e-004
TA2=-1.554222e-006
TA3= 1.731293e-007
CCALDATE=03-Mar-25
CG=-9.791146e-001
CH= 1.245920e-001
CI=-8.254991e-005
CJ= 2.593622e-005
CTCOR= 3.250000e-006
CPCOR=-9.570000e-008
PCALDATE=06-Feb-25
PA0=-3.111278e+000
PA1= 8.885555e-003
PA2=-1.675988e-010
PTCA0= 5.245134e+005
PTCA1=-2.865284e+001
PTCA2= 5.759330e-001
PTCB0= 2.517913e+001
PTCB1= 1.825000e-003
PTCB2= 0.000000e+000
PTEMPA0=-6.468348e+001
PTEMPA1= 5.611193e+001
PTEMPA2=-1.395854e+000
