SERIALNO=0537
TCALDATE=14-Feb-25
TA0= 7.906933e-004
TA1= 2.938320e-004
TA2=-3.317254e-006
TA3= 2.369378e-007
CCALDATE=14-Feb-25
CG=-1.005065e+000
CH= 1.325720e-001
CI=-9.989037e-005
CJ= 2.811205e-005
CTCOR= 3.250000e-006
CPCOR=-9.570000e-008
PCALDATE=06-Feb-25
PA0=-5.312621e-002
PA1= 8.981493e-003
PA2= 4.060338e-011
PTCA0= 5.252602e+005
PTCA1=-8.509373e+000
PTCA2= 3.786065e-001
PTCB0= 1.027653e+002
PTCB1= 4.177845e-003
PTCB2= 0.000000e+000
PTEMPA0=-8.653358e+001
PTEMPA1= 4.111889e+001
PTEMPA2= 1.235626e+000
