SERIALNO=0057
TCALDATE=07-Apr-22
TA0= 7.868136e-004
TA1= 2.913209e-004
TA2=-3.065917e-006
TA3= 2.232588e-007
CCALDATE=07-Apr-22
CG=-1.045072e+000
CH= 1.437340e-001
CI=-8.472706e-005
CJ= 3.036001e-005
CTCOR= 3.250000e-006
CPCOR=-9.570000e-008
PCALDATE=01-Mar-22
PA0=-2.539195e-001
PA1= 4.417403e-003
PA2= 3.207088e-012
PTCA0= 5.204336e+005
PTCA1=-1.754152e+000
PTCA2=-2.458463e-002
PTCB0= 2.490738e+001
PTCB1=-7.250000e-004
PTCB2= 0.000000e+000
PTEMPA0=-5.265427e+001
PTEMPA1= 6.110659e+001
PTEMPA2=-3.026804e+000
