SERIALNO=0131
TCALDATE=03-Apr-22
TA0= 8.021074e-004
TA1= 2.854267e-004
TA2=-2.479661e-006
TA3= 2.099656e-007
CCALDATE=03-Apr-22
CG=-9.984149e-001
CH= 1.382838e-001
CI=-1.271138e-004
CJ= 3.163691e-005
CTCOR= 3.250000e-006
CPCOR=-9.570000e-008
PCALDATE=01-Mar-22
PA0= 6.234520e-001
PA1= 4.463881e-003
PA2= 1.824090e-012
PTCA0= 5.203688e+005
PTCA1= 6.073326e+000
PTCA2= 2.926396e-003
PTCB0= 2.484987e+001
PTCB1= 2.175000e-003
PTCB2= 0.000000e+000
PTEMPA0=-6.100266e+001
PTEMPA1= 5.310386e+001
PTEMPA2=-5.031106e-001
