SERIALNO=0237
TCALDATE=31-Dec-23
TA0= 8.181177e-004
TA1= 2.864161e-004
TA2=-2.906541e-006
TA3= 2.222636e-007
CCALDATE=31-Dec-23
CG=-9.727931e-001
CH= 1.237734e-001
CI=-3.336544e-004
CJ= 4.282961e-005
CTCOR= 3.250000e-006
CPCOR=-9.570000e-008
PCALDATE=13-Dec-23
PA0= 3.210297e+000
PA1= 8.827471e-003
PA2=-1.474250e-010
PTCA0= 5.238206e+005
PTCA1= 2.952419e+001
PTCA2=-5.639891e-001
PTCB0= 3.143973e+005
PTCB1=-3.690896e+000
PTCB2= 4.233734e-001
PTEMPA0=-4.962804e+001
PTEMPA1= 5.681139e+001
PTEMPA2=-6.892575e-001
