SERIALNO=0537
TCALDATE=29-Mar-20
TA0= 8.011900e-004
TA1= 2.905202e-004
TA2=-2.968382e-006
TA3= 2.246764e-007
CCALDATE=29-Mar-20
CG=-1.005336e+000
CH= 1.326208e-001
CI=-9.591951e-005
CJ= 2.569321e-005
CTCOR= 3.250000e-006
CPCOR=-9.570000e-008
PCALDATE=23-Mar-20
PA0=-3.689401e-002
PA1= 8.980984e-003
PA2= 4.371925e-011
PTCA0= 5.253205e+005
PTCA1=-8.430362e+000
PTCA2= 3.780829e-001
PTCB0= 1.027653e+002
PTCB1= 4.177845e-003
PTCB2= 0.000000e+000
PTEMPA0=-8.717778e+001
PTEMPA1= 4.182319e+001
PTEMPA2= 1.067822e+000
