SERIALNO=0387
TCALDATE=23-Feb-19
TA0= 8.984880e-004
TA1= 2.674441e-004
TA2=-5.671117e-007
TA3= 1.406593e-007
CCALDATE=23-Feb-19
CG=-9.804094e-001
CH= 1.249051e-001
CI=-1.458454e-004
CJ= 2.845106e-005
CTCOR= 3.250000e-006
CPCOR=-9.570000e-008
PCALDATE=28-Jan-19
PA0=-3.062985e+000
PA1= 8.878414e-003
PA2=-1.510202e-010
PTCA0= 5.245282e+005
PTCA1=-2.801885e+001
PTCA2= 5.674589e-001
PTCB0= 2.517913e+001
PTCB1= 1.825000e-003
PTCB2= 0.000000e+000
PTEMPA0=-6.359475e+001
PTEMPA1= 5.451826e+001
PTEMPA2=-8.674222e-001
