SBE 49 FastCAT V 1.3a  SERIAL NO. = 0387
Temperature: 05-Mar-23
	TA0 = 8.966051e-004
	TA1 = 2.679749e-004
	TA2 =-6.163411e-007
	TA3 = 1.421661e-007
	TOFFSET = 0.000000e+00
conductivity: 05-Mar-23
	G =-9.797148e-001
	H = 1.247451e-001
	I =-1.115099e-004
	J = 2.674915e-005
	CPCOR =-9.570000e-008
	CTCOR = 3.250000e-006	
	CSLOPE = 1.000000e+00
pressure S/N = 2774628, range = 2900 psia:  03-Mar-23
	PA0 =-3.118436e+000
	PA1 = 8.882233e-003
	PA2 =-1.613100e-010
	PTCA0 = 5.245131e+005
	PTCA1 =-2.821193e+001
	PTCA2 = 5.771249e-001
	PTCB0 = 2.517913e+001
	PTCB1 = 1.825000e-003
	PTCB2 = 0.000000e+000
	PTEMPA0 =-6.404567e+001
	PTEMPA1 = 5.531468e+001
	PTEMPA2 =-1.148773e+000
	POFFSET = 0.000000e+00
