SBE 49 FastCAT V 1.3a  SERIAL NO. 0536
temperature:  29-mar-20
TA0= 8.618706e-004
TA1= 2.863928e-004
TA2=-2.655369e-006
TA3= 2.126512e-007
TOFFSET = 0.000000e+00
conductivity:  29-mar-20
CG=-9.967819e-001
CH= 1.249289e-001
CI=-1.801826e-004
CJ= 3.090754e-005
CPCOR=-9.570000e-008
CTCOR= 3.250000e-006
CSLOPE = 1.000000e+00
pressure S/N = 5021146, range = 2900 psia:  23-mar-20
PA0= 2.824419e-002
PA1= 8.977258e-003
PA2= 4.408611e-011
PTCA0= 5.257722e+005
PTCA1=-7.615827e+000
PTCA2= 3.744882e-001
PTCB0= 1.029509e+002
PTCB1= 5.141213e-003
PTCB2= 0.000000e+000
PTEMPA0=-8.69766e+001
PTEMPA1= 4.168927e+001
PTEMPA2= 1.129967e-000
POFFSET = 0.000000e+00
