SERIALNO=0237
TCALDATE=11-mar-21
TA0= 8.144359e-004
TA1= 2.874680e-004
TA2=-3.006541e-006
TA3= 2.254586e-007
CCALDATE=11-mar-21
CG=-9.739816e-001
CH= 1.241016e-001
CI=-4.184015e-004
CJ= 5.065069e-005
CTCOR= 3.250000e-006
CPCOR=-9.570000e-008
PCALDATE=08-mar-21
PA0= 3.130934e+000
PA1= 8.828089e-003
PA2=-1.414073e-010
PTCA0= 5.238395e+005
PTCA1= 2.840501e+001
PTCA2=-5.561304e-001
PTCB0= 3.143973e+005
PTCB1=-3.690896e+000
PTCB2= 4.233734e-001
PTEMPA0=-4.968412e+001
PTEMPA1= 5.681147e+001
PTEMPA2=-6.887122e-001