SBE 49 FastCAT V 1.3a  SERIAL NO. = 0674
Temperature: 28-Apr-23
    TA0 = 7.761529e-004
    TA1 = 2.909099e-004
    TA2 =-2.905343e-006
    TA3 = 2.222594e-007
    TOFFSET = 0.000000e+00
conductivity: 28-Apr-23
    G =-1.018468e+000
    H = 1.508967e-001
    I =-4.942770e-004
    J = 6.299011e-005
    CPCOR =-9.570000e-008
    CTCOR = 3.250000e-006
    CSLOPE = 1.000000e+00
pressure S/N = 0000000, range = 0000 psia: 26-Apr-23
    PA0 = 2.704725e-001
    PA1 = 8.782640e-003
    PA2 = 6.231967e-011
    PTCA0 = 5.262439e+005
    PTCA1 =-7.655234e+000
    PTCA2 = 4.106980e-001
    PTCB0 = 1.050677e+002
    PTCB1 =-6.161337e-003
    PTCB2 = 0.000000e+000
    PTEMPA0 =-9.017125e+001
    PTEMPA1 = 4.157905e+001
    PTEMPA2 = 1.426709e+000
    POFFSET = 0.000000e+00
