SERIALNO=0664
TCALDATE=20-Feb-25
TA0= 7.700381e-004
TA1= 2.958654e-004
TA2=-3.518780e-006
TA3= 2.416728e-007
CCALDATE=20-Feb-25
CG=-1.016713e+000
CH= 1.533149e-001
CI=-5.385558e-004
CJ= 6.777418e-005
CTCOR= 3.250000e-006
CPCOR=-9.570000e-008
PCALDATE=17-Feb-25
PA0=-9.144115e-001
PA1= 8.804032e-003
PA2= 8.898504e-011
PTCA0= 5.247053e+005
PTCA1=-1.332890e+001
PTCA2= 3.842948e-001
PTCB0= 3.040559e+005
PTCB1=-4.416593e+001
PTCB2= 1.035957e+000
PTEMPA0=-8.975763e+001
PTEMPA1= 4.264359e+001
PTEMPA2= 1.082307e+000
