SERIAL NO. 0060
temperature: 05-Apr-22
	TA0 = 8.288308e-004
	TA1 = 2.781357e-004
	TA2 = -1.674304e-006
	TA3 = 1.780517e-007
conductivity: 05-Apr-22
	G = -1.025836e+000
	H = 1.431014e-001
	I = -1.218903e-004
	J = 3.346758e-005
	CTCOR = 3.250000e-006
	CPCOR = -9.570000e-008
pressure: 20-May-22
	PA0 = -2.412566e+000
	PA1 = 4.423399e-003
	PA2 = -1.633298e-011
	PTCA0 = 5.242702e+005
	PTCA1 = -2.051444e+001
	PTCA2 = -1.115824e-001
	PTCB0 = 2.507350e+001
	PTCB1 = -1.125000e-003
	PTCB2 = 0.000000e+000
	PTEMPA0 = -5.424356e+001
	PTEMPA1 = 6.019567e+001
	PTEMPA2 = -1.525723e+000
