SERIALNO=0664
TCALDATE=13-jan-23
TA0= 7.694313e-004
TA1= 2.961946e-004
TA2=-3.568283e-006
TA3= 2.439330e-007
CCALDATE=13-jan-23
CG=-1.015920e+000
CH= 1.530693e-001
CI=-4.742662e-004
CJ= 6.296627e-005
CTCOR= 3.2500e-006
CPCOR=-9.5700e-008
PCALDATE=10-jan-23
PA0=-8.862939e-001
PA1= 8.798745e-003
PA2= 9.594496e-011
PTCA0= 5.246875e+005
PTCA1=-1.310235e+001
PTCA2= 3.870025e-001
PTCB0= 3.040559e+005
PTCB1=-4.416593e+001
PTCB2= 1.035957e+000
PTEMPA0=-8.599479e+001
PTEMPA1= 3.933223e+001
PTEMPA2= 1.795477e+000