SERIALNO=0674
TCALDATE=28-Apr-23
TA0= 7.761529e-004
TA1= 2.909099e-004
TA2=-2.905343e-006
TA3= 2.222594e-007
CCALDATE=28-Apr-23
CG=-1.018468e+000
CH= 1.508967e-001
CI=-4.942770e-004
CJ= 6.299011e-005
CTCOR= 3.250000e-006
CPCOR=-9.570000e-008
PCALDATE=26-Apr-23
PA0= 2.704725e-001
PA1= 8.782640e-003
PA2= 6.231967e-011
PTCA0= 5.262439e+005
PTCA1=-7.655234e+000
PTCA2= 4.106980e-001
PTCB0= 1.050677e+002
PTCB1=-6.161337e-003
PTCB2= 0.000000e+000
PTEMPA0=-9.017125e+001
PTEMPA1= 4.157905e+001
PTEMPA2= 1.426709e+000
