SERIALNO=0537
TCALDATE=27-Sep-24
TA0= 8.030123e-004
TA1= 2.898713e-004
TA2=-2.892580e-006
TA3= 2.217572e-007
CCALDATE=27-Sep-24
CG=-1.005782e+000
CH= 1.326639e-001
CI=-9.235097e-005
CJ= 2.492453e-005
CTCOR= 3.250000e-006
CPCOR=-9.570000e-008
PCALDATE=18-Sep-24
PA0=-9.316750e-002
PA1= 8.976751e-003
PA2= 5.171739e-011
PTCA0= 5.252715e+005
PTCA1=-8.733779e+000
PTCA2= 3.771617e-001
PTCB0= 1.027653e+002
PTCB1= 4.177845e-003
PTCB2= 0.000000e+000
PTEMPA0=-8.748638e+001
PTEMPA1= 4.207005e+001
PTEMPA2= 1.015539e+000
