function [cols] = mod_epsilometer_define_colors();

%% Define some colors
% ----------------------------------------------------------

cols.t1 = [29 78 140]./255;%[34 63 153]./255;
cols.t2 = [78 173 173]./255;
cols.s1 = [60 134 76]./255;%[235 64 61]./255;
cols.s2 = [173 215 136]./255;%[242 165 59]./255;
cols.a1 = [129 27 112]./255;%[0  0.2667 0.2706];
cols.a2 = [235 64 61]./255;%[0.1725    0.4706    0.4510];
cols.a3 = [245 199 118]./255;%[0.4353    0.7255    0.5608];
cols.T = [185 38 26]./255;
cols.S = [0 0 0];
cols.w = [0 0 0];
cols.profInfo = [174 197 227]./255;
cols.scanInfo = [0.9 0.9 0.9];
cols.batch11 = [0.4902    0.1647    0.4706];
cols.batch12 = [0.6784    0.1529    0.6431];
cols.batch21 = [0.8353    0.1059    0.7922];
cols.batch22 = [0.9679    0.4079    0.6317];
cols.panchev1 = [0.4902    0.1647    0.4706];
cols.panchev2 = [0.8353    0.1059    0.7922];