SERIALNO=0537
TCALDATE=20-Jan-23
TA0= 7.925689e-004
TA1= 2.932025e-004
TA2=-3.247069e-006
TA3= 2.343399e-007
CCALDATE=20-Jan-23
CG=-1.004299e+000
CH= 1.322727e-001
CI=-4.462393e-006
CJ= 1.956572e-005
CTCOR= 3.250000e-006
CPCOR=-9.570000e-008
PCALDATE=18-Jan-23
PA0=-6.097078e-002
PA1= 8.979020e-003
PA2= 4.651716e-011
PTCA0= 5.252872e+005
PTCA1=-8.357435e+000
PTCA2= 3.762079e-001
PTCB0= 1.027653e+002
PTCB1= 4.177845e-003
PTCB2= 0.000000e+000
PTEMPA0=-8.748850e+001
PTEMPA1= 4.207189e+001
PTEMPA2= 1.015146e+000
